{"name":"rc104_25_2","n_customers":25,"n_stations":3,"load_capacity":50,"battery_capacity":112,"max_time":240,"consumption_rate":1.0,"depot_recharge_cost":0.3,"customer_demands":[20,30,10,40,20,20,20,10,20,30,40,20,10,10,20,20,20,20,40,10,10,40,30,10,20],"customer_service_times":[10,10,10,10,10,10,10,10,10,10,10,10,10,10,10,10,10,10,10,10,10,10,10,10,10],"customer_starts":[161,0,0,61,0,0,102,0,0,0,0,111,0,0,0,154,0,0,0,119,0,0,0,0,0],"customer_ends":[191,199,190,91,189,196,132,190,196,198,196,141,191,194,190,184,189,184,189,149,185,195,184,194,184],"station_n_chargers":[2,2,2],"charger_time_windows":[[[0,24],[72,96],[168,240]],[[48,72],[96,144],[168,192]],[[0,96],[120,192],[216,240]],[[24,144],[168,192]],[[0,24],[72,168],[192,216]],[[0,90],[180,240]]],"charger_costs":[0.7,0.7,0.7,0.7,0.7,0.5],"charger_profiles":[[[0.0,0.0],[112.0,112.0]],[[0.0,0.0],[112.0,112.0]],[[0.0,0.0],[112.0,112.0]],[[0.0,0.0],[112.0,112.0]],[[0.0,0.0],[112.0,112.0]],[[0.0,0.0],[224.0,112.0]]],"travel_distances":[[0.0,11.0,3.0,8.0,5.0,13.0,15.0,12.0,53.0,48.0,49.0,44.0,54.0,45.0,51.0,52.0,48.0,83.0,77.0,73.0,82.0,72.0,82.0,72.0,81.0,39.0,39.0,69.0,94.0],[11.0,0.0,10.0,6.0,11.0,4.0,7.0,9.0,42.0,37.0,38.0,34.0,44.0,35.0,41.0,42.0,38.0,74.0,69.0,64.0,73.0,63.0,72.0,63.0,72.0,31.0,31.0,60.0,87.0],[3.0,10.0,0.0,6.0,2.0,11.0,13.0,9.0,52.0,47.0,48.0,43.0,53.0,44.0,50.0,51.0,46.0,83.0,78.0,73.0,82.0,73.0,82.0,72.0,82.0,40.0,40.0,70.0,95.0],[8.0,6.0,6.0,0.0,5.0,6.0,8.0,5.0,47.0,42.0,42.0,37.0,48.0,39.0,44.0,45.0,41.0,79.0,74.0,69.0,78.0,69.0,78.0,68.0,77.0,37.0,37.0,65.0,93.0],[5.0,11.0,2.0,5.0,0.0,11.0,12.0,8.0,51.0,47.0,47.0,42.0,53.0,43.0,49.0,50.0,45.0,84.0,79.0,74.0,83.0,73.0,82.0,73.0,82.0,41.0,41.0,70.0,97.0],[13.0,4.0,11.0,6.0,11.0,0.0,3.0,6.0,41.0,36.0,37.0,32.0,43.0,33.0,39.0,40.0,35.0,75.0,70.0,65.0,74.0,64.0,73.0,64.0,73.0,34.0,34.0,60.0,90.0],[15.0,7.0,13.0,8.0,12.0,3.0,0.0,5.0,41.0,36.0,36.0,31.0,42.0,32.0,38.0,39.0,34.0,76.0,71.0,66.0,75.0,65.0,74.0,65.0,73.0,36.0,36.0,60.0,92.0],[12.0,9.0,9.0,5.0,8.0,6.0,5.0,0.0,46.0,41.0,41.0,36.0,47.0,37.0,43.0,43.0,39.0,81.0,76.0,71.0,80.0,70.0,79.0,69.0,78.0,40.0,40.0,65.0,96.0],[53.0,42.0,52.0,47.0,51.0,41.0,41.0,46.0,0.0,5.0,6.0,11.0,5.0,12.0,10.0,12.0,15.0,46.0,41.0,38.0,43.0,37.0,42.0,35.0,40.0,34.0,34.0,25.0,72.0],[48.0,37.0,47.0,42.0,47.0,36.0,36.0,41.0,5.0,0.0,2.0,6.0,8.0,8.0,8.0,10.0,12.0,49.0,44.0,41.0,47.0,40.0,45.0,38.0,44.0,32.0,32.0,29.0,74.0],[49.0,38.0,48.0,42.0,47.0,37.0,36.0,41.0,6.0,2.0,0.0,5.0,6.0,6.0,6.0,8.0,10.0,51.0,46.0,43.0,48.0,41.0,47.0,40.0,45.0,34.0,34.0,30.0,76.0],[44.0,34.0,43.0,37.0,42.0,32.0,31.0,36.0,11.0,6.0,5.0,0.0,11.0,3.0,8.0,10.0,8.0,54.0,49.0,46.0,52.0,44.0,50.0,43.0,49.0,33.0,33.0,34.0,78.0],[54.0,44.0,53.0,48.0,53.0,43.0,42.0,47.0,5.0,8.0,6.0,11.0,0.0,10.0,6.0,8.0,12.0,50.0,45.0,43.0,47.0,41.0,45.0,39.0,43.0,39.0,39.0,28.0,77.0],[45.0,35.0,44.0,39.0,43.0,33.0,32.0,37.0,12.0,8.0,6.0,3.0,10.0,0.0,6.0,8.0,5.0,56.0,51.0,48.0,54.0,47.0,52.0,45.0,50.0,36.0,36.0,36.0,81.0],[51.0,41.0,50.0,44.0,49.0,39.0,38.0,43.0,10.0,8.0,6.0,8.0,6.0,6.0,0.0,2.0,6.0,55.0,50.0,48.0,52.0,46.0,51.0,44.0,49.0,40.0,40.0,34.0,82.0],[52.0,42.0,51.0,45.0,50.0,40.0,39.0,43.0,12.0,10.0,8.0,10.0,8.0,8.0,2.0,0.0,5.0,57.0,52.0,49.0,54.0,48.0,52.0,46.0,50.0,42.0,42.0,35.0,83.0],[48.0,38.0,46.0,41.0,45.0,35.0,34.0,39.0,15.0,12.0,10.0,8.0,12.0,5.0,6.0,5.0,0.0,60.0,55.0,52.0,57.0,50.0,56.0,49.0,54.0,41.0,41.0,39.0,85.0],[83.0,74.0,83.0,79.0,84.0,75.0,76.0,81.0,46.0,49.0,51.0,54.0,50.0,56.0,55.0,57.0,60.0,0.0,6.0,11.0,4.0,11.0,6.0,12.0,9.0,46.0,46.0,22.0,33.0],[77.0,69.0,78.0,74.0,79.0,70.0,71.0,76.0,41.0,44.0,46.0,49.0,45.0,51.0,50.0,52.0,55.0,6.0,0.0,5.0,6.0,6.0,7.0,7.0,9.0,41.0,41.0,19.0,35.0],[73.0,64.0,73.0,69.0,74.0,65.0,66.0,71.0,38.0,41.0,43.0,46.0,43.0,48.0,48.0,49.0,52.0,11.0,5.0,0.0,11.0,2.0,11.0,4.0,13.0,36.0,36.0,18.0,35.0],[82.0,73.0,82.0,78.0,83.0,74.0,75.0,80.0,43.0,47.0,48.0,52.0,47.0,54.0,52.0,54.0,57.0,4.0,6.0,11.0,0.0,10.0,2.0,11.0,5.0,45.0,45.0,19.0,37.0],[72.0,63.0,73.0,69.0,73.0,64.0,65.0,70.0,37.0,40.0,41.0,44.0,41.0,47.0,46.0,48.0,50.0,11.0,6.0,2.0,10.0,0.0,11.0,2.0,12.0,35.0,35.0,16.0,37.0],[82.0,72.0,82.0,78.0,82.0,73.0,74.0,79.0,42.0,45.0,47.0,50.0,45.0,52.0,51.0,52.0,56.0,6.0,7.0,11.0,2.0,11.0,0.0,10.0,3.0,46.0,46.0,18.0,39.0],[72.0,63.0,72.0,68.0,73.0,64.0,65.0,69.0,35.0,38.0,40.0,43.0,39.0,45.0,44.0,46.0,49.0,12.0,7.0,4.0,11.0,2.0,10.0,0.0,11.0,36.0,36.0,14.0,39.0],[81.0,72.0,82.0,77.0,82.0,73.0,73.0,78.0,40.0,44.0,45.0,49.0,43.0,50.0,49.0,50.0,54.0,9.0,9.0,13.0,5.0,12.0,3.0,11.0,0.0,46.0,46.0,15.0,42.0],[39.0,31.0,40.0,37.0,41.0,34.0,36.0,40.0,34.0,32.0,34.0,33.0,39.0,36.0,40.0,42.0,41.0,46.0,41.0,36.0,45.0,35.0,46.0,36.0,46.0,0.0,0.0,38.0,57.0],[39.0,31.0,40.0,37.0,41.0,34.0,36.0,40.0,34.0,32.0,34.0,33.0,39.0,36.0,40.0,42.0,41.0,46.0,41.0,36.0,45.0,35.0,46.0,36.0,46.0,0.0,0.0,38.0,57.0],[69.0,60.0,70.0,65.0,70.0,60.0,60.0,65.0,25.0,29.0,30.0,34.0,28.0,36.0,34.0,35.0,39.0,22.0,19.0,18.0,19.0,16.0,18.0,14.0,15.0,38.0,38.0,0.0,52.0],[94.0,87.0,95.0,93.0,97.0,90.0,92.0,96.0,72.0,74.0,76.0,78.0,77.0,81.0,82.0,83.0,85.0,33.0,35.0,35.0,37.0,37.0,39.0,39.0,42.0,57.0,57.0,52.0,0.0]],"travel_times":[[0.0,11.0,3.0,8.0,5.0,13.0,15.0,12.0,53.0,48.0,49.0,44.0,54.0,45.0,51.0,52.0,48.0,83.0,77.0,73.0,82.0,72.0,82.0,72.0,81.0,39.0,39.0,69.0,94.0],[11.0,0.0,10.0,6.0,11.0,4.0,7.0,9.0,42.0,37.0,38.0,34.0,44.0,35.0,41.0,42.0,38.0,74.0,69.0,64.0,73.0,63.0,72.0,63.0,72.0,31.0,31.0,60.0,87.0],[3.0,10.0,0.0,6.0,2.0,11.0,13.0,9.0,52.0,47.0,48.0,43.0,53.0,44.0,50.0,51.0,46.0,83.0,78.0,73.0,82.0,73.0,82.0,72.0,82.0,40.0,40.0,70.0,95.0],[8.0,6.0,6.0,0.0,5.0,6.0,8.0,5.0,47.0,42.0,42.0,37.0,48.0,39.0,44.0,45.0,41.0,79.0,74.0,69.0,78.0,69.0,78.0,68.0,77.0,37.0,37.0,65.0,93.0],[5.0,11.0,2.0,5.0,0.0,11.0,12.0,8.0,51.0,47.0,47.0,42.0,53.0,43.0,49.0,50.0,45.0,84.0,79.0,74.0,83.0,73.0,82.0,73.0,82.0,41.0,41.0,70.0,97.0],[13.0,4.0,11.0,6.0,11.0,0.0,3.0,6.0,41.0,36.0,37.0,32.0,43.0,33.0,39.0,40.0,35.0,75.0,70.0,65.0,74.0,64.0,73.0,64.0,73.0,34.0,34.0,60.0,90.0],[15.0,7.0,13.0,8.0,12.0,3.0,0.0,5.0,41.0,36.0,36.0,31.0,42.0,32.0,38.0,39.0,34.0,76.0,71.0,66.0,75.0,65.0,74.0,65.0,73.0,36.0,36.0,60.0,92.0],[12.0,9.0,9.0,5.0,8.0,6.0,5.0,0.0,46.0,41.0,41.0,36.0,47.0,37.0,43.0,43.0,39.0,81.0,76.0,71.0,80.0,70.0,79.0,69.0,78.0,40.0,40.0,65.0,96.0],[53.0,42.0,52.0,47.0,51.0,41.0,41.0,46.0,0.0,5.0,6.0,11.0,5.0,12.0,10.0,12.0,15.0,46.0,41.0,38.0,43.0,37.0,42.0,35.0,40.0,34.0,34.0,25.0,72.0],[48.0,37.0,47.0,42.0,47.0,36.0,36.0,41.0,5.0,0.0,2.0,6.0,8.0,8.0,8.0,10.0,12.0,49.0,44.0,41.0,47.0,40.0,45.0,38.0,44.0,32.0,32.0,29.0,74.0],[49.0,38.0,48.0,42.0,47.0,37.0,36.0,41.0,6.0,2.0,0.0,5.0,6.0,6.0,6.0,8.0,10.0,51.0,46.0,43.0,48.0,41.0,47.0,40.0,45.0,34.0,34.0,30.0,76.0],[44.0,34.0,43.0,37.0,42.0,32.0,31.0,36.0,11.0,6.0,5.0,0.0,11.0,3.0,8.0,10.0,8.0,54.0,49.0,46.0,52.0,44.0,50.0,43.0,49.0,33.0,33.0,34.0,78.0],[54.0,44.0,53.0,48.0,53.0,43.0,42.0,47.0,5.0,8.0,6.0,11.0,0.0,10.0,6.0,8.0,12.0,50.0,45.0,43.0,47.0,41.0,45.0,39.0,43.0,39.0,39.0,28.0,77.0],[45.0,35.0,44.0,39.0,43.0,33.0,32.0,37.0,12.0,8.0,6.0,3.0,10.0,0.0,6.0,8.0,5.0,56.0,51.0,48.0,54.0,47.0,52.0,45.0,50.0,36.0,36.0,36.0,81.0],[51.0,41.0,50.0,44.0,49.0,39.0,38.0,43.0,10.0,8.0,6.0,8.0,6.0,6.0,0.0,2.0,6.0,55.0,50.0,48.0,52.0,46.0,51.0,44.0,49.0,40.0,40.0,34.0,82.0],[52.0,42.0,51.0,45.0,50.0,40.0,39.0,43.0,12.0,10.0,8.0,10.0,8.0,8.0,2.0,0.0,5.0,57.0,52.0,49.0,54.0,48.0,52.0,46.0,50.0,42.0,42.0,35.0,83.0],[48.0,38.0,46.0,41.0,45.0,35.0,34.0,39.0,15.0,12.0,10.0,8.0,12.0,5.0,6.0,5.0,0.0,60.0,55.0,52.0,57.0,50.0,56.0,49.0,54.0,41.0,41.0,39.0,85.0],[83.0,74.0,83.0,79.0,84.0,75.0,76.0,81.0,46.0,49.0,51.0,54.0,50.0,56.0,55.0,57.0,60.0,0.0,6.0,11.0,4.0,11.0,6.0,12.0,9.0,46.0,46.0,22.0,33.0],[77.0,69.0,78.0,74.0,79.0,70.0,71.0,76.0,41.0,44.0,46.0,49.0,45.0,51.0,50.0,52.0,55.0,6.0,0.0,5.0,6.0,6.0,7.0,7.0,9.0,41.0,41.0,19.0,35.0],[73.0,64.0,73.0,69.0,74.0,65.0,66.0,71.0,38.0,41.0,43.0,46.0,43.0,48.0,48.0,49.0,52.0,11.0,5.0,0.0,11.0,2.0,11.0,4.0,13.0,36.0,36.0,18.0,35.0],[82.0,73.0,82.0,78.0,83.0,74.0,75.0,80.0,43.0,47.0,48.0,52.0,47.0,54.0,52.0,54.0,57.0,4.0,6.0,11.0,0.0,10.0,2.0,11.0,5.0,45.0,45.0,19.0,37.0],[72.0,63.0,73.0,69.0,73.0,64.0,65.0,70.0,37.0,40.0,41.0,44.0,41.0,47.0,46.0,48.0,50.0,11.0,6.0,2.0,10.0,0.0,11.0,2.0,12.0,35.0,35.0,16.0,37.0],[82.0,72.0,82.0,78.0,82.0,73.0,74.0,79.0,42.0,45.0,47.0,50.0,45.0,52.0,51.0,52.0,56.0,6.0,7.0,11.0,2.0,11.0,0.0,10.0,3.0,46.0,46.0,18.0,39.0],[72.0,63.0,72.0,68.0,73.0,64.0,65.0,69.0,35.0,38.0,40.0,43.0,39.0,45.0,44.0,46.0,49.0,12.0,7.0,4.0,11.0,2.0,10.0,0.0,11.0,36.0,36.0,14.0,39.0],[81.0,72.0,82.0,77.0,82.0,73.0,73.0,78.0,40.0,44.0,45.0,49.0,43.0,50.0,49.0,50.0,54.0,9.0,9.0,13.0,5.0,12.0,3.0,11.0,0.0,46.0,46.0,15.0,42.0],[39.0,31.0,40.0,37.0,41.0,34.0,36.0,40.0,34.0,32.0,34.0,33.0,39.0,36.0,40.0,42.0,41.0,46.0,41.0,36.0,45.0,35.0,46.0,36.0,46.0,0.0,0.0,38.0,57.0],[39.0,31.0,40.0,37.0,41.0,34.0,36.0,40.0,34.0,32.0,34.0,33.0,39.0,36.0,40.0,42.0,41.0,46.0,41.0,36.0,45.0,35.0,46.0,36.0,46.0,0.0,0.0,38.0,57.0],[69.0,60.0,70.0,65.0,70.0,60.0,60.0,65.0,25.0,29.0,30.0,34.0,28.0,36.0,34.0,35.0,39.0,22.0,19.0,18.0,19.0,16.0,18.0,14.0,15.0,38.0,38.0,0.0,52.0],[94.0,87.0,95.0,93.0,97.0,90.0,92.0,96.0,72.0,74.0,76.0,78.0,77.0,81.0,82.0,83.0,85.0,33.0,35.0,35.0,37.0,37.0,39.0,39.0,42.0,57.0,57.0,52.0,0.0]],"x_coords":[25.0,22.0,22.0,20.0,20.0,18.0,15.0,15.0,10.0,10.0,8.0,8.0,5.0,5.0,2.0,0.0,0.0,44.0,42.0,42.0,40.0,40.0,38.0,38.0,35.0,40.0,40.0,25.0,76.0],"y_coords":[85.0,75.0,85.0,80.0,85.0,75.0,75.0,80.0,35.0,40.0,40.0,45.0,35.0,45.0,40.0,40.0,45.0,5.0,10.0,15.0,5.0,15.0,5.0,15.0,5.0,50.0,50.0,16.0,7.0]}