{"name":"rc108_25_2","n_customers":25,"n_stations":4,"load_capacity":50,"battery_capacity":112,"max_time":240,"consumption_rate":1.0,"depot_recharge_cost":0.3,"customer_demands":[20,30,10,40,20,20,20,10,20,30,40,20,10,10,20,20,20,20,40,10,10,40,30,10,20],"customer_service_times":[10,10,10,10,10,10,10,10,10,10,10,10,10,10,10,10,10,10,10,10,10,10,10,10,10],"customer_starts":[107,34,40,37,54,53,77,54,69,54,46,85,39,36,71,65,91,53,48,90,55,66,53,72,74],"customer_ends":[191,164,190,116,189,187,157,166,196,154,156,167,150,154,165,188,189,156,166,178,185,176,184,174,178],"station_n_chargers":[2,2,2,2],"charger_time_windows":[[[24,48],[72,144],[168,192],[216,240]],[[0,48],[96,144],[168,192],[216,240]],[[0,120],[144,168],[192,216]],[[90,240]],[[0,90],[135,240]],[[24,48],[72,96],[144,168],[192,216]],[[0,72],[216,240]],[[0,96],[144,168],[192,240]]],"charger_costs":[0.9,0.7,0.7,0.5,0.5,0.7,0.7,0.7],"charger_profiles":[[[0.0,0.0],[75.0,112.0]],[[0.0,0.0],[112.0,112.0]],[[0.0,0.0],[112.0,112.0]],[[0.0,0.0],[224.0,112.0]],[[0.0,0.0],[224.0,112.0]],[[0.0,0.0],[112.0,112.0]],[[0.0,0.0],[112.0,112.0]],[[0.0,0.0],[112.0,112.0]]],"travel_distances":[[0.0,11.0,3.0,8.0,5.0,13.0,15.0,12.0,53.0,48.0,49.0,44.0,54.0,45.0,51.0,52.0,48.0,83.0,77.0,73.0,82.0,72.0,82.0,72.0,81.0,39.0,39.0,28.0,61.0,107.0],[11.0,0.0,10.0,6.0,11.0,4.0,7.0,9.0,42.0,37.0,38.0,34.0,44.0,35.0,41.0,42.0,38.0,74.0,69.0,64.0,73.0,63.0,72.0,63.0,72.0,31.0,31.0,30.0,51.0,102.0],[3.0,10.0,0.0,6.0,2.0,11.0,13.0,9.0,52.0,47.0,48.0,43.0,53.0,44.0,50.0,51.0,46.0,83.0,78.0,73.0,82.0,73.0,82.0,72.0,82.0,40.0,40.0,31.0,61.0,109.0],[8.0,6.0,6.0,0.0,5.0,6.0,8.0,5.0,47.0,42.0,42.0,37.0,48.0,39.0,44.0,45.0,41.0,79.0,74.0,69.0,78.0,69.0,78.0,68.0,77.0,37.0,37.0,32.0,56.0,107.0],[5.0,11.0,2.0,5.0,0.0,11.0,12.0,8.0,51.0,47.0,47.0,42.0,53.0,43.0,49.0,50.0,45.0,84.0,79.0,74.0,83.0,73.0,82.0,73.0,82.0,41.0,41.0,33.0,61.0,110.0],[13.0,4.0,11.0,6.0,11.0,0.0,3.0,6.0,41.0,36.0,37.0,32.0,43.0,33.0,39.0,40.0,35.0,75.0,70.0,65.0,74.0,64.0,73.0,64.0,73.0,34.0,34.0,34.0,51.0,104.0],[15.0,7.0,13.0,8.0,12.0,3.0,0.0,5.0,41.0,36.0,36.0,31.0,42.0,32.0,38.0,39.0,34.0,76.0,71.0,66.0,75.0,65.0,74.0,65.0,73.0,36.0,36.0,37.0,51.0,107.0],[12.0,9.0,9.0,5.0,8.0,6.0,5.0,0.0,46.0,41.0,41.0,36.0,47.0,37.0,43.0,43.0,39.0,81.0,76.0,71.0,80.0,70.0,79.0,69.0,78.0,40.0,40.0,37.0,56.0,110.0],[53.0,42.0,52.0,47.0,51.0,41.0,41.0,46.0,0.0,5.0,6.0,11.0,5.0,12.0,10.0,12.0,15.0,46.0,41.0,38.0,43.0,37.0,42.0,35.0,40.0,34.0,34.0,58.0,15.0,89.0],[48.0,37.0,47.0,42.0,47.0,36.0,36.0,41.0,5.0,0.0,2.0,6.0,8.0,8.0,8.0,10.0,12.0,49.0,44.0,41.0,47.0,40.0,45.0,38.0,44.0,32.0,32.0,55.0,19.0,91.0],[49.0,38.0,48.0,42.0,47.0,37.0,36.0,41.0,6.0,2.0,0.0,5.0,6.0,6.0,6.0,8.0,10.0,51.0,46.0,43.0,48.0,41.0,47.0,40.0,45.0,34.0,34.0,57.0,20.0,93.0],[44.0,34.0,43.0,37.0,42.0,32.0,31.0,36.0,11.0,6.0,5.0,0.0,11.0,3.0,8.0,10.0,8.0,54.0,49.0,46.0,52.0,44.0,50.0,43.0,49.0,33.0,33.0,54.0,24.0,95.0],[54.0,44.0,53.0,48.0,53.0,43.0,42.0,47.0,5.0,8.0,6.0,11.0,0.0,10.0,6.0,8.0,12.0,50.0,45.0,43.0,47.0,41.0,45.0,39.0,43.0,39.0,39.0,62.0,19.0,94.0],[45.0,35.0,44.0,39.0,43.0,33.0,32.0,37.0,12.0,8.0,6.0,3.0,10.0,0.0,6.0,8.0,5.0,56.0,51.0,48.0,54.0,47.0,52.0,45.0,50.0,36.0,36.0,56.0,26.0,98.0],[51.0,41.0,50.0,44.0,49.0,39.0,38.0,43.0,10.0,8.0,6.0,8.0,6.0,6.0,0.0,2.0,6.0,55.0,50.0,48.0,52.0,46.0,51.0,44.0,49.0,40.0,40.0,61.0,25.0,99.0],[52.0,42.0,51.0,45.0,50.0,40.0,39.0,43.0,12.0,10.0,8.0,10.0,8.0,8.0,2.0,0.0,5.0,57.0,52.0,49.0,54.0,48.0,52.0,46.0,50.0,42.0,42.0,63.0,26.0,101.0],[48.0,38.0,46.0,41.0,45.0,35.0,34.0,39.0,15.0,12.0,10.0,8.0,12.0,5.0,6.0,5.0,0.0,60.0,55.0,52.0,57.0,50.0,56.0,49.0,54.0,41.0,41.0,60.0,29.0,103.0],[83.0,74.0,83.0,79.0,84.0,75.0,76.0,81.0,46.0,49.0,51.0,54.0,50.0,56.0,55.0,57.0,60.0,0.0,6.0,11.0,4.0,11.0,6.0,12.0,9.0,46.0,46.0,72.0,31.0,50.0],[77.0,69.0,78.0,74.0,79.0,70.0,71.0,76.0,41.0,44.0,46.0,49.0,45.0,51.0,50.0,52.0,55.0,6.0,0.0,5.0,6.0,6.0,7.0,7.0,9.0,41.0,41.0,67.0,26.0,52.0],[73.0,64.0,73.0,69.0,74.0,65.0,66.0,71.0,38.0,41.0,43.0,46.0,43.0,48.0,48.0,49.0,52.0,11.0,5.0,0.0,11.0,2.0,11.0,4.0,13.0,36.0,36.0,62.0,24.0,53.0],[82.0,73.0,82.0,78.0,83.0,74.0,75.0,80.0,43.0,47.0,48.0,52.0,47.0,54.0,52.0,54.0,57.0,4.0,6.0,11.0,0.0,10.0,2.0,11.0,5.0,45.0,45.0,72.0,28.0,54.0],[72.0,63.0,73.0,69.0,73.0,64.0,65.0,70.0,37.0,40.0,41.0,44.0,41.0,47.0,46.0,48.0,50.0,11.0,6.0,2.0,10.0,0.0,11.0,2.0,12.0,35.0,35.0,62.0,22.0,55.0],[82.0,72.0,82.0,78.0,82.0,73.0,74.0,79.0,42.0,45.0,47.0,50.0,45.0,52.0,51.0,52.0,56.0,6.0,7.0,11.0,2.0,11.0,0.0,10.0,3.0,46.0,46.0,73.0,27.0,56.0],[72.0,63.0,72.0,68.0,73.0,64.0,65.0,69.0,35.0,38.0,40.0,43.0,39.0,45.0,44.0,46.0,49.0,12.0,7.0,4.0,11.0,2.0,10.0,0.0,11.0,36.0,36.0,63.0,20.0,57.0],[81.0,72.0,82.0,77.0,82.0,73.0,73.0,78.0,40.0,44.0,45.0,49.0,43.0,50.0,49.0,50.0,54.0,9.0,9.0,13.0,5.0,12.0,3.0,11.0,0.0,46.0,46.0,73.0,25.0,59.0],[39.0,31.0,40.0,37.0,41.0,34.0,36.0,40.0,34.0,32.0,34.0,33.0,39.0,36.0,40.0,42.0,41.0,46.0,41.0,36.0,45.0,35.0,46.0,36.0,46.0,0.0,0.0,29.0,32.0,71.0],[39.0,31.0,40.0,37.0,41.0,34.0,36.0,40.0,34.0,32.0,34.0,33.0,39.0,36.0,40.0,42.0,41.0,46.0,41.0,36.0,45.0,35.0,46.0,36.0,46.0,0.0,0.0,29.0,32.0,71.0],[28.0,30.0,31.0,32.0,33.0,34.0,37.0,37.0,58.0,55.0,57.0,54.0,62.0,56.0,61.0,63.0,60.0,72.0,67.0,62.0,72.0,62.0,73.0,63.0,73.0,29.0,29.0,0.0,60.0,85.0],[61.0,51.0,61.0,56.0,61.0,51.0,51.0,56.0,15.0,19.0,20.0,24.0,19.0,26.0,25.0,26.0,29.0,31.0,26.0,24.0,28.0,22.0,27.0,20.0,25.0,32.0,32.0,60.0,0.0,76.0],[107.0,102.0,109.0,107.0,110.0,104.0,107.0,110.0,89.0,91.0,93.0,95.0,94.0,98.0,99.0,101.0,103.0,50.0,52.0,53.0,54.0,55.0,56.0,57.0,59.0,71.0,71.0,85.0,76.0,0.0]],"travel_times":[[0.0,11.0,3.0,8.0,5.0,13.0,15.0,12.0,53.0,48.0,49.0,44.0,54.0,45.0,51.0,52.0,48.0,83.0,77.0,73.0,82.0,72.0,82.0,72.0,81.0,39.0,39.0,28.0,61.0,107.0],[11.0,0.0,10.0,6.0,11.0,4.0,7.0,9.0,42.0,37.0,38.0,34.0,44.0,35.0,41.0,42.0,38.0,74.0,69.0,64.0,73.0,63.0,72.0,63.0,72.0,31.0,31.0,30.0,51.0,102.0],[3.0,10.0,0.0,6.0,2.0,11.0,13.0,9.0,52.0,47.0,48.0,43.0,53.0,44.0,50.0,51.0,46.0,83.0,78.0,73.0,82.0,73.0,82.0,72.0,82.0,40.0,40.0,31.0,61.0,109.0],[8.0,6.0,6.0,0.0,5.0,6.0,8.0,5.0,47.0,42.0,42.0,37.0,48.0,39.0,44.0,45.0,41.0,79.0,74.0,69.0,78.0,69.0,78.0,68.0,77.0,37.0,37.0,32.0,56.0,107.0],[5.0,11.0,2.0,5.0,0.0,11.0,12.0,8.0,51.0,47.0,47.0,42.0,53.0,43.0,49.0,50.0,45.0,84.0,79.0,74.0,83.0,73.0,82.0,73.0,82.0,41.0,41.0,33.0,61.0,110.0],[13.0,4.0,11.0,6.0,11.0,0.0,3.0,6.0,41.0,36.0,37.0,32.0,43.0,33.0,39.0,40.0,35.0,75.0,70.0,65.0,74.0,64.0,73.0,64.0,73.0,34.0,34.0,34.0,51.0,104.0],[15.0,7.0,13.0,8.0,12.0,3.0,0.0,5.0,41.0,36.0,36.0,31.0,42.0,32.0,38.0,39.0,34.0,76.0,71.0,66.0,75.0,65.0,74.0,65.0,73.0,36.0,36.0,37.0,51.0,107.0],[12.0,9.0,9.0,5.0,8.0,6.0,5.0,0.0,46.0,41.0,41.0,36.0,47.0,37.0,43.0,43.0,39.0,81.0,76.0,71.0,80.0,70.0,79.0,69.0,78.0,40.0,40.0,37.0,56.0,110.0],[53.0,42.0,52.0,47.0,51.0,41.0,41.0,46.0,0.0,5.0,6.0,11.0,5.0,12.0,10.0,12.0,15.0,46.0,41.0,38.0,43.0,37.0,42.0,35.0,40.0,34.0,34.0,58.0,15.0,89.0],[48.0,37.0,47.0,42.0,47.0,36.0,36.0,41.0,5.0,0.0,2.0,6.0,8.0,8.0,8.0,10.0,12.0,49.0,44.0,41.0,47.0,40.0,45.0,38.0,44.0,32.0,32.0,55.0,19.0,91.0],[49.0,38.0,48.0,42.0,47.0,37.0,36.0,41.0,6.0,2.0,0.0,5.0,6.0,6.0,6.0,8.0,10.0,51.0,46.0,43.0,48.0,41.0,47.0,40.0,45.0,34.0,34.0,57.0,20.0,93.0],[44.0,34.0,43.0,37.0,42.0,32.0,31.0,36.0,11.0,6.0,5.0,0.0,11.0,3.0,8.0,10.0,8.0,54.0,49.0,46.0,52.0,44.0,50.0,43.0,49.0,33.0,33.0,54.0,24.0,95.0],[54.0,44.0,53.0,48.0,53.0,43.0,42.0,47.0,5.0,8.0,6.0,11.0,0.0,10.0,6.0,8.0,12.0,50.0,45.0,43.0,47.0,41.0,45.0,39.0,43.0,39.0,39.0,62.0,19.0,94.0],[45.0,35.0,44.0,39.0,43.0,33.0,32.0,37.0,12.0,8.0,6.0,3.0,10.0,0.0,6.0,8.0,5.0,56.0,51.0,48.0,54.0,47.0,52.0,45.0,50.0,36.0,36.0,56.0,26.0,98.0],[51.0,41.0,50.0,44.0,49.0,39.0,38.0,43.0,10.0,8.0,6.0,8.0,6.0,6.0,0.0,2.0,6.0,55.0,50.0,48.0,52.0,46.0,51.0,44.0,49.0,40.0,40.0,61.0,25.0,99.0],[52.0,42.0,51.0,45.0,50.0,40.0,39.0,43.0,12.0,10.0,8.0,10.0,8.0,8.0,2.0,0.0,5.0,57.0,52.0,49.0,54.0,48.0,52.0,46.0,50.0,42.0,42.0,63.0,26.0,101.0],[48.0,38.0,46.0,41.0,45.0,35.0,34.0,39.0,15.0,12.0,10.0,8.0,12.0,5.0,6.0,5.0,0.0,60.0,55.0,52.0,57.0,50.0,56.0,49.0,54.0,41.0,41.0,60.0,29.0,103.0],[83.0,74.0,83.0,79.0,84.0,75.0,76.0,81.0,46.0,49.0,51.0,54.0,50.0,56.0,55.0,57.0,60.0,0.0,6.0,11.0,4.0,11.0,6.0,12.0,9.0,46.0,46.0,72.0,31.0,50.0],[77.0,69.0,78.0,74.0,79.0,70.0,71.0,76.0,41.0,44.0,46.0,49.0,45.0,51.0,50.0,52.0,55.0,6.0,0.0,5.0,6.0,6.0,7.0,7.0,9.0,41.0,41.0,67.0,26.0,52.0],[73.0,64.0,73.0,69.0,74.0,65.0,66.0,71.0,38.0,41.0,43.0,46.0,43.0,48.0,48.0,49.0,52.0,11.0,5.0,0.0,11.0,2.0,11.0,4.0,13.0,36.0,36.0,62.0,24.0,53.0],[82.0,73.0,82.0,78.0,83.0,74.0,75.0,80.0,43.0,47.0,48.0,52.0,47.0,54.0,52.0,54.0,57.0,4.0,6.0,11.0,0.0,10.0,2.0,11.0,5.0,45.0,45.0,72.0,28.0,54.0],[72.0,63.0,73.0,69.0,73.0,64.0,65.0,70.0,37.0,40.0,41.0,44.0,41.0,47.0,46.0,48.0,50.0,11.0,6.0,2.0,10.0,0.0,11.0,2.0,12.0,35.0,35.0,62.0,22.0,55.0],[82.0,72.0,82.0,78.0,82.0,73.0,74.0,79.0,42.0,45.0,47.0,50.0,45.0,52.0,51.0,52.0,56.0,6.0,7.0,11.0,2.0,11.0,0.0,10.0,3.0,46.0,46.0,73.0,27.0,56.0],[72.0,63.0,72.0,68.0,73.0,64.0,65.0,69.0,35.0,38.0,40.0,43.0,39.0,45.0,44.0,46.0,49.0,12.0,7.0,4.0,11.0,2.0,10.0,0.0,11.0,36.0,36.0,63.0,20.0,57.0],[81.0,72.0,82.0,77.0,82.0,73.0,73.0,78.0,40.0,44.0,45.0,49.0,43.0,50.0,49.0,50.0,54.0,9.0,9.0,13.0,5.0,12.0,3.0,11.0,0.0,46.0,46.0,73.0,25.0,59.0],[39.0,31.0,40.0,37.0,41.0,34.0,36.0,40.0,34.0,32.0,34.0,33.0,39.0,36.0,40.0,42.0,41.0,46.0,41.0,36.0,45.0,35.0,46.0,36.0,46.0,0.0,0.0,29.0,32.0,71.0],[39.0,31.0,40.0,37.0,41.0,34.0,36.0,40.0,34.0,32.0,34.0,33.0,39.0,36.0,40.0,42.0,41.0,46.0,41.0,36.0,45.0,35.0,46.0,36.0,46.0,0.0,0.0,29.0,32.0,71.0],[28.0,30.0,31.0,32.0,33.0,34.0,37.0,37.0,58.0,55.0,57.0,54.0,62.0,56.0,61.0,63.0,60.0,72.0,67.0,62.0,72.0,62.0,73.0,63.0,73.0,29.0,29.0,0.0,60.0,85.0],[61.0,51.0,61.0,56.0,61.0,51.0,51.0,56.0,15.0,19.0,20.0,24.0,19.0,26.0,25.0,26.0,29.0,31.0,26.0,24.0,28.0,22.0,27.0,20.0,25.0,32.0,32.0,60.0,0.0,76.0],[107.0,102.0,109.0,107.0,110.0,104.0,107.0,110.0,89.0,91.0,93.0,95.0,94.0,98.0,99.0,101.0,103.0,50.0,52.0,53.0,54.0,55.0,56.0,57.0,59.0,71.0,71.0,85.0,76.0,0.0]],"x_coords":[25.0,22.0,22.0,20.0,20.0,18.0,15.0,15.0,10.0,10.0,8.0,8.0,5.0,5.0,2.0,0.0,0.0,44.0,42.0,42.0,40.0,40.0,38.0,38.0,35.0,40.0,40.0,51.0,21.0,93.0],"y_coords":[85.0,75.0,85.0,80.0,85.0,75.0,75.0,80.0,35.0,40.0,40.0,45.0,35.0,45.0,40.0,40.0,45.0,5.0,10.0,15.0,5.0,15.0,5.0,15.0,5.0,50.0,50.0,76.0,25.0,3.0]}